-11329.1	4.17331e-08
-4567.46	1.93655e-07
-3330.38	3.30175e-07
-1419.65	1.39308e-06
-1363.17	1.49188e-06
-828.399	3.45624e-06
-820.608	3.51174e-06
-714.02	4.43992e-06
-647.83	5.2308e-06
-412.557	1.1181e-05
-396.134	1.19715e-05
-376.579	1.30351e-05
-311.313	1.79471e-05
-288.937	2.03413e-05
-219.011	3.23699e-05
-214.479	3.35233e-05
-179.414	4.51905e-05
-171.323	4.88128e-05
-170.492	4.92107e-05
-168.58	5.01467e-05
-160.152	5.46296e-05
-152.749	5.91189e-05
-152.749	5.91189e-05
-149.37	6.13668e-05
-129.526	7.7816e-05
-126.449	8.09923e-05
-111.096	0.000100433
-109.824	0.00010237
-109.428	0.000102987
-101.911	0.000115888
-96.9125	0.000125958
-90.5943	0.000140822
-90.258	0.000141691
-87.5039	0.000149137
-84.3265	0.000158531
-81.2546	0.000168542
-73.8824	0.000197133
-69.155	0.000219772
-68.8168	0.000221549
-67.2834	0.000229898
-63.3501	0.000253766
-62.7399	0.000257821
-56.3723	0.000307121
-54.4814	0.000324697
-53.5134	0.000334323
-51.987	0.000350454
-51.871	0.000351729
-51.7171	0.000353435
-50.9021	0.000362685
-50.8834	0.000362902
-47.0245	0.000412478
-42.8575	0.000479289
-42.2972	0.000489579
-40.7766	0.000519351
-40.452	0.000526079
-40.0935	0.000533674
-39.9919	0.000535856
-37.1398	0.000603494
-37.0949	0.000604666
-36.7054	0.000614984
-35.9033	0.000637141
-35.7018	0.000642904
-35.4187	0.000651148
-35.2112	0.000657294
-35.1494	0.000659145
-35.1185	0.000660071
-33.5046	0.000711571
-32.8106	0.00073571
-32.4812	0.000747626
-32.4722	0.000747958
-31.9438	0.000767738
-31.4032	0.000788853
-30.1136	0.000843132
-30.0413	0.000846349
-29.4106	0.000875268
-29.3951	0.000875998
-28.8682	0.000901416
-28.4662	0.00092161
-28.1668	0.000937119
-28.109	0.000940163
-27.5828	0.000968597
-27.0041	0.00100148
-26.418	0.00103663
-25.9214	0.00106798
-25.6567	0.00108531
-25.3471	0.00110616
-25.3103	0.00110868
-25.0854	0.00112428
-24.205	0.00118885
-23.9167	0.0012113
-23.7329	0.00122595
-23.3072	0.001261
-23.03	0.0012847
-22.9143	0.0012948
-22.8619	0.00129941
-22.8515	0.00130033
-22.2684	0.00135356
-21.6744	0.00141146
-21.6025	0.00141873
-21.239	0.00145644
-21.1878	0.00146187
-20.0405	0.00159278
-19.9725	0.00160111
-19.9556	0.0016032
-19.9133	0.00160843
-19.6875	0.00163684
-19.535	0.00165647
-19.0488	0.00172165
-18.8805	0.00174517
-18.5695	0.00178999
-18.2478	0.00183831
-17.9058	0.00189201
-17.6364	0.00193609
-16.6788	0.00210678
-16.6274	0.00211662
-16.4209	0.00215686
-16.2369	0.00219377
-15.6971	0.00230804
-15.5367	0.00234385
-14.7165	0.00254147
-14.6499	0.00255866
-14.4115	0.00262179
-14.1889	0.00268299
-13.9467	0.00275223
-13.7636	0.00280647
-13.7202	0.00281959
-13.634	0.00284592
-13.4032	0.00291834
-12.8421	0.00310721
-12.5037	0.00323071
-12.3476	0.00329033
-12.2452	0.00333044
-12.2268	0.00333769
-11.9745	0.00344017
-11.8008	0.00351366
-11.7508	0.0035353
-11.6762	0.00356792
-11.2306	0.00377339
-11.2252	0.00377599
-11.1929	0.00379162
-10.8738	0.00395178
-10.8635	0.00395712
-10.7664	0.00400813
-10.7563	0.00401352
-10.7394	0.00402252
-10.1323	0.0043685
-9.91512	0.00450394
-9.51408	0.00477223
-9.37754	0.00486942
-9.37058	0.00487446
-9.20422	0.0049974
-9.09114	0.00508381
-9.04327	0.00512111
-9.04062	0.00512319
-8.93942	0.00520353
-8.93942	0.00520353
-8.83465	0.00528885
-8.69255	0.00540818
-8.5905	0.00549655
-8.44892	0.00562301
-8.35431	0.0057101
-8.34719	0.00571675
-8.30461	0.00575673
-8.24012	0.00581813
-8.23546	0.00582261
-8.0023	0.00605383
-7.90559	0.00615406
-7.88028	0.00618072
-7.86055	0.00620163
-7.71682	0.00635745
-7.10171	0.00710037
-7.05603	0.007161
-7.03428	0.00719016
-6.98169	0.00726145
-6.77014	0.00755994
-6.69263	0.0076742
-6.68556	0.00768476
-6.67322	0.00770326
-6.61541	0.00779081
-6.58069	0.00784416
-6.49662	0.00797578
-6.47116	0.00801633
-6.43069	0.00808147
-6.38722	0.00815238
-6.37807	0.00816743
-6.36646	0.0081866
-6.35073	0.00821267
-6.34165	0.00822778
-6.31041	0.00828012
-6.28915	0.00831605
-6.07681	0.00868887
-6.01012	0.00881148
-5.97789	0.00887173
-5.955	0.00891492
-5.92616	0.00896979
-5.91106	0.00899876
-5.87201	0.00907432
-5.86678	0.00908452
-5.85857	0.00910056
-5.75534	0.00930622
-5.73207	0.0093536
-5.56961	0.00969538
-5.54379	0.00975153
-5.46516	0.00992573
-5.41013	0.0100506
-5.32258	0.0102546
-5.29422	0.010322
-5.28371	0.0103472
-4.91887	0.011286
-4.87343	0.0114124
-4.81265	0.011585
-4.78231	0.0116727
-4.73952	0.0117982
-4.70687	0.0118954
-4.67675	0.0119863
-4.67562	0.0119897
-4.65924	0.0120396
-4.65473	0.0120534
-4.5872	0.0122629
-4.57119	0.0123135
-4.52354	0.0124659
-4.39771	0.012883
-4.37304	0.0129674
-4.36154	0.013007
-4.33296	0.0131064
-4.3314	0.0131118
-4.3154	0.0131681
-4.21073	0.0135453
-4.18925	0.0136248
-4.16592	0.013712
-4.16493	0.0137158
-4.14126	0.0138052
-4.13096	0.0138445
-4.06779	0.0140889
-4.03949	0.0142007
-3.98967	0.0144009
-3.95824	0.0145295
-3.90816	0.0147382
-3.87198	0.014892
-3.8697	0.0149018
-3.81414	0.0151432
-3.80608	0.0151788
-3.79493	0.0152282
-3.7736	0.0153233
-3.76829	0.0153472
-3.75462	0.0154089
-3.68057	0.0157499
-3.65824	0.015855
-3.65482	0.0158713
-3.65097	0.0158895
-3.64372	0.015924
-3.64031	0.0159403
-3.60727	0.0160994
-3.57456	0.0162593
-3.55874	0.0163376
-3.55542	0.0163541
-3.5521	0.0163706
-3.54672	0.0163975
-3.53804	0.016441
-3.49255	0.0166718
-3.44367	0.0169255
-3.43846	0.0169529
-3.43726	0.0169592
-3.43087	0.016993
-3.42967	0.0169993
-3.41493	0.0170776
-3.39947	0.0171603
-3.39	0.0172113
-3.37427	0.0172965
-3.35744	0.0173884
-3.26781	0.0178914
-3.26591	0.0179023
-3.26326	0.0179176
-3.25267	0.0179786
-3.21441	0.0182021
-3.19361	0.0183255
-3.17404	0.0184428
-3.17331	0.0184472
-3.14075	0.0186451
-3.11718	0.0187904
-3.09416	0.0189342
-3.09129	0.0189522
-3.07167	0.0190763
-3.07095	0.0190808
-3.06066	0.0191465
-3.01354	0.0194516
-2.99303	0.0195868
-2.92726	0.0200307
-2.91408	0.0201216
-2.9097	0.0201519
-2.90263	0.020201
-2.89224	0.0202736
-2.8909	0.020283
-2.8583	0.0205135
-2.84938	0.0205773
-2.76363	0.0212072
-2.74672	0.021335
-2.74323	0.0213616
-2.72392	0.0215094
-2.69692	0.0217188
-2.69504	0.0217334
-2.68072	0.0218459
-2.67575	0.0218852
-2.65937	0.0220154
-2.6483	0.0221041
-2.63421	0.0222177
-2.62689	0.0222772
-2.5601	0.0228314
-2.46894	0.023624
-2.43299	0.0239486
-2.42931	0.0239823
-2.40649	0.0241925
-2.39	0.0243464
-2.37084	0.024527
-2.35429	0.0246847
-2.3384	0.0248377
-2.32586	0.0249595
-2.29398	0.0252735
-2.28862	0.0253269
-2.26621	0.0255521
-2.19578	0.0262813
-2.14341	0.0268451
-2.1313	0.0269781
-2.12001	0.0271032
-2.11776	0.0271283
-2.09585	0.027374
-2.07807	0.027576
-2.07585	0.0276013
-2.06775	0.0276943
-2.05212	0.027875
-2.04702	0.0279345
-2.03974	0.0280196
-2.03176	0.0281134
-2.0267	0.0281731
-2.00822	0.0283929
-1.98847	0.028631
-1.97925	0.0287432
-1.971	0.0288442
-1.96865	0.0288731
-1.9332	0.0293143
-1.90581	0.0296624
-1.8869	0.0299067
-1.88237	0.0299658
-1.87108	0.0301137
-1.84553	0.0304525
-1.80074	0.0310614
-1.79616	0.0311248
-1.77944	0.0313579
-1.75833	0.0316561
-1.75576	0.0316927
-1.70162	0.0324801
-1.66269	0.0330656
-1.66126	0.0330875
-1.64552	0.0333292
-1.63132	0.0335498
-1.6293	0.0335814
-1.61099	0.0338697
-1.60958	0.0338919
-1.6	0.0340446
-1.5774	0.0344089
-1.55874	0.0347142
-1.55036	0.034853
-1.54841	0.0348853
-1.52597	0.0352613
-1.47878	0.0360734
-1.47578	0.0361261
-1.47052	0.0362186
-1.46715	0.0362781
-1.46678	0.0362847
-1.45708	0.036457
-1.45615	0.0364735
-1.43523	0.0368496
-1.43008	0.0369432
-1.4118	0.0372784
-1.39603	0.0375715
-1.38809	0.0377202
-1.37447	0.037978
-1.37375	0.0379916
-1.33047	0.0388297
-1.3296	0.038847
-1.32646	0.038909
-1.32558	0.0389262
-1.32001	0.0390367
-1.3181	0.0390747
-1.31671	0.0391023
-1.31585	0.0391196
-1.30254	0.0393864
-1.2972	0.0394942
-1.2936	0.0395672
-1.29188	0.0396021
-1.28692	0.0397032
-1.27092	0.0400319
-1.26179	0.0402215
-1.25623	0.0403376
-1.23815	0.040719
-1.22834	0.0409283
-1.22801	0.0409354
-1.21233	0.0412737
-1.19531	0.0416459
-1.19514	0.0416495
-1.16926	0.0422261
-1.15596	0.0425271
-1.15501	0.0425489
-1.15294	0.0425962
-1.1523	0.0426107
-1.14229	0.0428403
-1.13771	0.0429462
-1.13408	0.0430303
-1.09831	0.043873
-1.05929	0.0448228
-1.05869	0.0448378
-1.05234	0.0449955
-1.04242	0.0452438
-1.00076	0.0463103
-0.976316	0.046955
-0.970257	0.0471169
-0.968817	0.0471556
-0.947791	0.0477254
-0.937726	0.0480021
-0.935606	0.0480606
-0.924769	0.048362
-0.916511	0.0485937
-0.907458	0.0488496
-0.895416	0.0491935
-0.867778	0.0499974
-0.851838	0.0504705
-0.842186	0.0507605
-0.820933	0.0514085
-0.793962	0.05225
-0.762321	0.0532655
-0.757615	0.0534192
-0.722307	0.0545953
-0.691654	0.0556501
-0.690801	0.05568
-0.684355	0.0559061
-0.669496	0.056433
-0.669136	0.0564459
-0.666253	0.0565491
-0.63442	0.0577087
-0.615952	0.0583989
-0.612702	0.0585217
-0.60553	0.0587942
-0.601265	0.0589572
-0.60115	0.0589616
-0.600345	0.0589925
-0.60023	0.0589969
-0.586223	0.0595351
-0.574519	0.0599863
-0.572661	0.060058
-0.557093	0.0606606
-0.552232	0.0608492
-0.540916	0.0612891
-0.529121	0.061749
-0.513923	0.0623434
-0.505976	0.0626551
-0.50506	0.062691
-0.490395	0.0632678
-0.485571	0.0634579
-0.465993	0.0642315
-0.460347	0.0644552
-0.459979	0.0644698
-0.42225	0.0659715
-0.421843	0.0659877
-0.386738	0.0673949
-0.385673	0.0674377
-0.380142	0.0676603
-0.376584	0.0678036
-0.366894	0.0681943
-0.360446	0.0684546
-0.344127	0.0691147
-0.334335	0.0695116
-0.320869	0.0700585
-0.312801	0.0703866
-0.31226	0.0704086
-0.30735	0.0706086
-0.298347	0.0709755
-0.294273	0.0711417
-0.272948	0.0720131
-0.272637	0.0720258
-0.266146	0.0722915
-0.250082	0.0729501
-0.247295	0.0730645
-0.24198	0.0732827
-0.234374	0.0735953
-0.212793	0.0744835
-0.206275	0.0747521
-0.20597	0.0747647
-0.188317	0.0754932
-0.185254	0.0756197
-0.181589	0.0757712
-0.175246	0.0760334
-0.171377	0.0761934
-0.169011	0.0762912
-0.159837	0.0766709
-0.15211	0.0769909
-0.137856	0.0775816
-0.125478	0.0780951
-0.12525	0.0781045
-0.103293	0.0790163
-0.0994095	0.0791777
-0.0917001	0.0794981
-0.0904421	0.0795504
-0.0870024	0.0796934
-0.0843495	0.0798037
-0.0785438	0.0800452
-0.0744141	0.080217
-0.0582508	0.0808895
-0.0547204	0.0810365
-0.0351719	0.0818504
-0.03348	0.0819209
-0.0264159	0.0822151
-0.0182664	0.0825545
-0.0181702	0.0825586
-0.0132531	0.0827634
0.0129959	0.0838568
0.0311122	0.0846114
0.0367333	0.0848455
0.0434617	0.0851257
0.044497	0.0851688
0.0473362	0.085287
0.0475017	0.0852939
0.0548269	0.0855989
0.0559304	0.0856448
0.0700261	0.0862314
0.0847679	0.0868446
0.0902782	0.0870737
0.102898	0.0875981
0.112085	0.0879797
0.11439	0.0880754
0.115468	0.0881202
0.119901	0.0883042
0.132984	0.088847
0.136332	0.0889858
0.140506	0.0891588
0.147661	0.0894553
0.153572	0.0897001
0.157589	0.0898664
0.157621	0.0898677
0.15791	0.0898797
0.160929	0.0900047
0.165276	0.0901845
0.168883	0.0903337
0.171077	0.0904244
0.175291	0.0905986
0.183505	0.090938
0.183786	0.0909496
0.184726	0.0909884
0.189928	0.0912031
0.193862	0.0913655
0.200952	0.0916578
0.214977	0.0922356
0.219458	0.09242
0.226037	0.0926905
0.226637	0.0927152
0.228844	0.0928059
0.232347	0.0929498
0.243778	0.093419
0.248582	0.093616
0.255169	0.0938859
0.262998	0.0942063
0.264739	0.0942775
0.266587	0.0943531
0.276258	0.0947482
0.277011	0.094779
0.280018	0.0949017
0.286942	0.0951841
0.294281	0.0954831
0.29432	0.0954847
0.295238	0.0955221
0.300723	0.0957453
0.301462	0.0957753
0.306044	0.0959616
0.309703	0.0961103
0.31206	0.096206
0.312339	0.0962173
0.340555	0.0973599
0.346408	0.0975962
0.349147	0.0977066
0.351118	0.0977861
0.354482	0.0979217
0.364487	0.0983243
0.365607	0.0983694
0.369741	0.0985354
0.377132	0.098832
0.377957	0.0988651
0.391655	0.0994135
0.392215	0.0994359
0.398369	0.0996816
0.403018	0.0998671
0.403473	0.0998852
0.405604	0.0999702
0.4229	0.100658
0.428955	0.100898
0.432478	0.101038
0.439303	0.101308
0.443103	0.101458
0.445911	0.101569
0.449658	0.101716
0.454033	0.101889
0.460581	0.102146
0.464674	0.102307
0.464947	0.102318
0.468239	0.102447
0.469503	0.102497
0.472947	0.102632
0.473885	0.102669
0.477138	0.102796
0.477679	0.102817
0.479013	0.102869
0.484594	0.103087
0.485529	0.103124
0.490266	0.103309
0.492547	0.103398
0.497752	0.1036
0.50108	0.10373
0.506236	0.10393
0.507316	0.103972
0.513587	0.104215
0.520004	0.104463
0.526388	0.10471
0.528261	0.104782
0.535787	0.105072
0.539391	0.10521
0.541901	0.105307
0.542214	0.105319
0.550825	0.105649
0.566335	0.106241
0.566577	0.10625
0.569684	0.106368
0.575639	0.106595
0.585136	0.106955
0.5906	0.107161
0.592319	0.107226
0.602515	0.10761
0.6067	0.107767
0.613751	0.108032
0.618822	0.108221
0.624838	0.108446
0.625064	0.108454
0.630442	0.108654
0.637563	0.108919
0.637791	0.108927
0.638511	0.108954
0.640242	0.109018
0.641483	0.109064
0.645974	0.109231
0.654014	0.109527
0.659148	0.109716
0.661755	0.109812
0.665165	0.109937
0.668325	0.110053
0.669891	0.110111
0.670725	0.110141
0.676715	0.11036
0.682358	0.110566
0.683355	0.110602
0.684788	0.110654
0.685565	0.110683
0.688603	0.110793
0.692877	0.110948
0.693834	0.110983
0.694102	0.110993
0.69417	0.110995
0.697301	0.111108
0.699096	0.111173
0.700398	0.11122
0.71347	0.111691
0.717531	0.111837
0.721539	0.111981
0.724496	0.112086
0.724871	0.1121
0.728903	0.112244
0.728908	0.112244
0.734794	0.112454
0.740218	0.112646
0.744397	0.112794
0.744479	0.112797
0.754551	0.113153
0.759489	0.113327
0.760739	0.113371
0.769046	0.113662
0.772779	0.113792
0.778083	0.113977
0.780371	0.114057
0.780429	0.114059
0.788467	0.114338
0.790235	0.114399
0.791011	0.114426
0.795048	0.114565
0.80015	0.114741
0.80564	0.11493
0.807992	0.115011
0.808062	0.115013
0.811662	0.115136
0.820474	0.115437
0.824906	0.115588
0.829011	0.115727
0.82912	0.11573
0.829168	0.115732
0.831153	0.115799
0.836765	0.115989
0.83698	0.115996
0.839307	0.116075
0.840118	0.116102
0.846806	0.116327
0.849165	0.116406
0.850492	0.11645
0.852504	0.116517
0.853651	0.116556
0.85727	0.116677
0.872658	0.117187
0.873659	0.11722
0.878382	0.117376
0.880573	0.117448
0.885874	0.117622
0.88711	0.117662
0.888804	0.117718
0.901949	0.118146
0.904405	0.118225
0.905758	0.118269
0.906459	0.118292
0.909594	0.118393
0.914535	0.118552
0.915251	0.118575
0.915387	0.11858
0.919601	0.118715
0.930889	0.119076
0.931558	0.119097
0.936821	0.119264
0.947285	0.119595
0.953869	0.119801
0.956635	0.119888
0.962358	0.120067
0.962549	0.120073
0.967565	0.120228
0.968168	0.120247
0.980397	0.120625
0.98725	0.120835
0.991651	0.120969
0.991869	0.120976
0.994603	0.121059
0.995139	0.121076
0.996022	0.121103
1.00105	0.121255
1.00118	0.121259
1.00586	0.1214
1.01154	0.121571
1.01227	0.121593
1.04316	0.12251
1.05227	0.122776
1.05311	0.1228
1.0548	0.122849
1.05721	0.122919
1.05856	0.122958
1.06061	0.123017
1.0632	0.123092
1.06494	0.123142
1.06951	0.123274
1.07566	0.12345
1.08677	0.123765
1.09148	0.123898
1.09452	0.123983
1.10087	0.124161
1.10188	0.124189
1.11051	0.124429
1.11165	0.12446
1.11784	0.124631
1.12279	0.124767
1.1315	0.125004
1.13442	0.125083
1.13746	0.125165
1.1393	0.125215
1.15279	0.125576
1.1531	0.125585
1.16003	0.125768
1.1625	0.125833
1.17468	0.126152
1.17684	0.126209
1.17876	0.126258
1.18193	0.12634
1.1865	0.126458
1.19362	0.126641
1.19413	0.126654
1.19833	0.126761
1.21394	0.127154
1.21577	0.1272
1.21963	0.127296
1.22079	0.127324
1.22382	0.1274
1.22957	0.127541
1.23165	0.127592
1.23405	0.127651
1.23426	0.127656
1.25144	0.128072
1.25322	0.128115
1.25541	0.128167
1.26397	0.12837
1.26485	0.128391
1.26581	0.128414
1.26929	0.128495
1.27042	0.128522
1.27729	0.128682
1.28263	0.128806
1.28332	0.128822
1.28471	0.128854
1.28534	0.128868
1.29104	0.128999
1.29169	0.129014
1.29476	0.129084
1.29833	0.129165
1.30712	0.129363
1.31043	0.129437
1.32072	0.129665
1.33001	0.129869
1.33163	0.129904
1.33707	0.130021
1.3437	0.130164
1.34454	0.130182
1.35996	0.130507
1.36226	0.130555
1.36353	0.130582
1.37553	0.130829
1.37904	0.1309
1.38049	0.13093
1.38108	0.130942
1.38213	0.130963
1.38268	0.130974
1.3909	0.131139
1.39625	0.131246
1.39731	0.131266
1.40192	0.131357
1.40192	0.131357
1.41454	0.131603
1.41729	0.131656
1.41991	0.131706
1.42022	0.131712
1.4219	0.131744
1.42638	0.131829
1.43774	0.132042
1.43788	0.132044
1.43948	0.132074
1.44223	0.132125
1.44502	0.132176
1.45262	0.132314
1.45691	0.132392
1.46143	0.132473
1.46303	0.132501
1.46532	0.132542
1.46725	0.132576
1.48698	0.132918
1.48934	0.132959
1.49217	0.133006
1.49251	0.133012
1.49575	0.133067
1.50018	0.133141
1.50229	0.133176
1.51597	0.133399
1.51658	0.133409
1.52139	0.133487
1.52352	0.133521
1.52681	0.133573
1.52713	0.133578
1.52966	0.133618
1.53276	0.133666
1.54671	0.133881
1.54755	0.133894
1.54997	0.13393
1.55012	0.133932
1.55178	0.133957
1.55467	0.134001
1.55927	0.134069
1.5669	0.134181
1.56967	0.134221
1.57145	0.134246
1.57649	0.134319
1.57874	0.13435
1.57949	0.134361
1.58415	0.134427
1.59014	0.13451
1.59028	0.134512
1.59111	0.134523
1.59266	0.134544
1.59367	0.134558
1.59835	0.134622
1.60292	0.134683
1.60833	0.134755
1.61026	0.13478
1.6129	0.134815
1.61764	0.134876
1.6244	0.134963
1.628	0.135008
1.62977	0.13503
1.62984	0.135031
1.63042	0.135039
1.63196	0.135058
1.65889	0.135381
1.65972	0.13539
1.66352	0.135434
1.675	0.135562
1.68023	0.135619
1.68055	0.135623
1.6819	0.135638
1.68368	0.135657
1.68728	0.135695
1.70476	0.135875
1.70491	0.135877
1.70844	0.135912
1.71047	0.135932
1.71472	0.135974
1.72077	0.136032
1.72268	0.13605
1.72868	0.136106
1.72908	0.136109
1.73599	0.136172
1.73901	0.136199
1.74693	0.136269
1.74901	0.136287
1.75283	0.136319
1.75428	0.136331
1.75704	0.136354
1.75997	0.136378
1.76248	0.136399
1.76723	0.136437
1.76931	0.136453
1.77136	0.136469
1.77562	0.136502
1.78838	0.136597
1.7887	0.136599
1.79023	0.136611
1.79719	0.13666
1.79944	0.136675
1.80658	0.136723
1.80935	0.136741
1.81207	0.136759
1.81365	0.136769
1.81511	0.136778
1.82569	0.136843
1.82873	0.136861
1.82983	0.136868
1.83328	0.136888
1.8594	0.137025
1.85998	0.137028
1.8667	0.137059
1.87007	0.137074
1.87101	0.137079
1.8759	0.1371
1.87985	0.137116
1.88343	0.137131
1.88351	0.137131
1.88771	0.137148
1.88865	0.137151
1.88867	0.137151
1.89086	0.13716
1.89492	0.137175
1.90392	0.137206
1.90458	0.137208
1.90771	0.137218
1.90935	0.137223
1.90936	0.137223
1.91363	0.137236
1.91861	0.13725
1.9195	0.137253
1.92328	0.137263
1.92803	0.137275
1.93107	0.137282
1.93324	0.137287
1.93549	0.137293
1.9467	0.137315
1.94718	0.137316
1.94781	0.137317
1.94804	0.137318
1.95406	0.137328
1.95525	0.13733
1.95924	0.137335
1.95947	0.137336
1.96061	0.137337
1.96071	0.137337
1.96113	0.137338
1.96648	0.137345
1.97335	0.137352
1.97642	0.137354
1.9818	0.137358
1.98808	0.137362
1.99062	0.137362
1.99308	0.137363
1.99398	0.137363
1.99955	0.137364
2.00394	0.137364
2.00648	0.137363
2.00754	0.137363
2.01295	0.137361
2.01316	0.137361
2.0141	0.137361
2.02112	0.137356
2.02233	0.137355
2.0266	0.137352
2.03471	0.137343
2.03504	0.137343
2.03628	0.137341
2.03646	0.137341
2.03687	0.137341
2.04002	0.137336
2.04025	0.137336
2.04461	0.13733
2.04698	0.137326
2.04709	0.137326
2.04789	0.137325
2.053	0.137316
2.05648	0.137309
2.06429	0.137293
2.06982	0.13728
2.07353	0.137271
2.07555	0.137266
2.07729	0.137261
2.07828	0.137259
2.08623	0.137236
2.09089	0.137222
2.09254	0.137217
2.10358	0.13718
2.1049	0.137175
2.10526	0.137174
2.10588	0.137172
2.10798	0.137164
2.10864	0.137161
2.10966	0.137158
2.11205	0.137149
2.11329	0.137144
2.11871	0.137122
2.12296	0.137105
2.12316	0.137104
2.12453	0.137098
2.12564	0.137093
2.1381	0.137037
2.14727	0.136992
2.14989	0.136979
2.15535	0.13695
2.15995	0.136925
2.17029	0.136867
2.17067	0.136865
2.17503	0.136839
2.18201	0.136796
2.18273	0.136792
2.18508	0.136777
2.18634	0.136769
2.18691	0.136765
2.19291	0.136727
2.19535	0.13671
2.19688	0.1367
2.20413	0.13665
2.20782	0.136624
2.21772	0.136552
2.22796	0.136475
2.22877	0.136468
2.23437	0.136424
2.24277	0.136356
2.24652	0.136324
2.24898	0.136304
2.24923	0.136302
2.2563	0.136241
2.25859	0.136221
2.26032	0.136205
2.26499	0.136164
2.26577	0.136157
2.26962	0.136121
2.27054	0.136113
2.27698	0.136053
2.28024	0.136022
2.28618	0.135965
2.2875	0.135952
2.29047	0.135923
2.2972	0.135856
2.3009	0.135818
2.30525	0.135773
2.30594	0.135766
2.31235	0.135699
2.31727	0.135646
2.32966	0.135511
2.33009	0.135506
2.33547	0.135445
2.33722	0.135425
2.33742	0.135423
2.33791	0.135417
2.33811	0.135415
2.34138	0.135377
2.34652	0.135318
2.3475	0.135306
2.3596	0.135162
2.36677	0.135073
2.36895	0.135046
2.37452	0.134977
2.38039	0.134902
2.38173	0.134885
2.38794	0.134804
2.39328	0.134734
2.39378	0.134727
2.39605	0.134697
2.39846	0.134665
2.40652	0.134556
2.4128	0.134469
2.41423	0.134449
2.41478	0.134441
2.41794	0.134397
2.41867	0.134387
2.42406	0.134311
2.42952	0.134232
2.44649	0.133983
2.45364	0.133876
2.45587	0.133842
2.45796	0.13381
2.45832	0.133804
2.4594	0.133788
2.46363	0.133722
2.4659	0.133687
2.4695	0.133631
2.47193	0.133593
2.47335	0.13357
2.47433	0.133555
2.48105	0.133447
2.48178	0.133436
2.48336	0.13341
2.48541	0.133377
2.48661	0.133358
2.48909	0.133317
2.4975	0.133179
2.50451	0.133062
2.50491	0.133056
2.50544	0.133047
2.50609	0.133036
2.50783	0.133006
2.50944	0.132979
2.51219	0.132933
2.51614	0.132865
2.52378	0.132733
2.5254	0.132705
2.52765	0.132666
2.5282	0.132656
2.52985	0.132627
2.53112	0.132605
2.53637	0.132512
2.54057	0.132437
2.54495	0.132358
2.54562	0.132346
2.56396	0.13201
2.56578	0.131976
2.56762	0.131942
2.56815	0.131932
2.57743	0.131757
2.57947	0.131718
2.58013	0.131705
2.58281	0.131654
2.58833	0.131547
2.58929	0.131529
2.59345	0.131448
2.59406	0.131436
2.60542	0.131212
2.607	0.131181
2.61011	0.131119
2.61977	0.130924
2.62012	0.130917
2.62224	0.130874
2.62542	0.130809
2.62903	0.130735
2.62904	0.130735
2.62916	0.130733
2.63906	0.130528
2.63941	0.13052
2.64768	0.130347
2.65026	0.130292
2.65743	0.13014
2.65775	0.130133
2.66167	0.130049
2.66745	0.129924
2.67926	0.129666
2.68028	0.129643
2.68386	0.129564
2.68595	0.129518
2.68924	0.129444
2.69247	0.129372
2.69314	0.129357
2.69568	0.1293
2.69731	0.129264
2.69919	0.129221
2.70386	0.129116
2.71	0.128975
2.71169	0.128937
2.71873	0.128774
2.72517	0.128625
2.73345	0.128431
2.73353	0.128429
2.74329	0.128198
2.74695	0.12811
2.74821	0.12808
2.75114	0.12801
2.75237	0.12798
2.75422	0.127936
2.76563	0.127659
2.76676	0.127631
2.77142	0.127517
2.77218	0.127498
2.77429	0.127446
2.78419	0.1272
2.78827	0.127099
2.79188	0.127008
2.79684	0.126883
2.79738	0.126869
2.7975	0.126866
2.80354	0.126713
2.80554	0.126662
2.80604	0.126649
2.80715	0.126621
2.80904	0.126573
2.80959	0.126558
2.8159	0.126396
2.81876	0.126323
2.83146	0.125992
2.83357	0.125937
2.83404	0.125924
2.83806	0.125819
2.84018	0.125763
2.84369	0.12567
2.84491	0.125637
2.8463	0.1256
2.85789	0.125291
2.85817	0.125283
2.86206	0.125178
2.88174	0.124643
2.88789	0.124473
2.89258	0.124343
2.89534	0.124267
2.90406	0.124023
2.91395	0.123745
2.91445	0.123731
2.9148	0.123721
2.92261	0.123499
2.92986	0.123292
2.93456	0.123157
2.9354	0.123133
2.9356	0.123127
2.95728	0.122497
2.9596	0.122429
2.9663	0.122232
2.9701	0.122119
2.9763	0.121935
2.98174	0.121773
2.9926	0.121447
2.99442	0.121392
2.99726	0.121306
2.99845	0.12127
3.00384	0.121107
3.0061	0.121038
3.01311	0.120824
3.01589	0.120739
3.02011	0.120609
3.02092	0.120584
3.02184	0.120556
3.02384	0.120494
3.02784	0.120371
3.02799	0.120366
3.03559	0.120131
3.03881	0.12003
3.04436	0.119857
3.05255	0.1196
3.05485	0.119527
3.05567	0.119501
3.06632	0.119165
3.06669	0.119153
3.06769	0.119121
3.06787	0.119115
3.06789	0.119115
3.0726	0.118964
3.07444	0.118906
3.08087	0.1187
3.08417	0.118594
3.08509	0.118564
3.09087	0.118378
3.09431	0.118267
3.09478	0.118252
3.09588	0.118216
3.09796	0.118149
3.10894	0.117791
3.10982	0.117763
3.11427	0.117617
3.13138	0.117053
3.14155	0.116716
3.1416	0.116714
3.1434	0.116654
3.14638	0.116555
3.15077	0.116408
3.15388	0.116303
3.1549	0.116269
3.16246	0.116015
3.16551	0.115912
3.16946	0.115779
3.17569	0.115567
3.18993	0.115082
3.19117	0.115039
3.20338	0.114619
3.20418	0.114592
3.21418	0.114246
3.21497	0.114219
3.22488	0.113874
3.23085	0.113666
3.23173	0.113635
3.23488	0.113524
3.23726	0.113441
3.24146	0.113293
3.24313	0.113235
3.24681	0.113105
3.25057	0.112973
3.25203	0.112921
3.2593	0.112663
3.28541	0.111731
3.28788	0.111643
3.28863	0.111616
3.29206	0.111493
3.3008	0.111177
3.30409	0.111058
3.30877	0.110888
3.30897	0.110881
3.31309	0.110731
3.31933	0.110504
3.31986	0.110485
3.34117	0.109705
3.34873	0.109426
3.34879	0.109424
3.34918	0.10941
3.34982	0.109386
3.3519	0.109309
3.35524	0.109186
3.35618	0.109151
3.3719	0.108567
3.37371	0.1085
3.37548	0.108434
3.37591	0.108418
3.37741	0.108362
3.38131	0.108216
3.39454	0.107721
3.39838	0.107576
3.39931	0.107541
3.40334	0.10739
3.40984	0.107144
3.41377	0.106996
3.41387	0.106992
3.41602	0.106911
3.41633	0.106899
3.4218	0.106692
3.42693	0.106497
3.42844	0.10644
3.42864	0.106432
3.43361	0.106243
3.43504	0.106188
3.43797	0.106077
3.44729	0.105721
3.45168	0.105553
3.46296	0.10512
3.46596	0.105005
3.46913	0.104882
3.47892	0.104505
3.47989	0.104467
3.48083	0.104431
3.48273	0.104357
3.49122	0.104029
3.49613	0.103838
3.49671	0.103815
3.49807	0.103763
3.50031	0.103676
3.50151	0.103629
3.50547	0.103475
3.50947	0.103319
3.51111	0.103255
3.51189	0.103225
3.5329	0.102403
3.53435	0.102346
3.53898	0.102164
3.55634	0.10148
3.56089	0.1013
3.56561	0.101113
3.57555	0.10072
3.5784	0.100606
3.58759	0.100241
3.59362	0.100001
3.59752	0.0998457
3.618	0.0990273
3.62493	0.0987492
3.62815	0.0986202
3.63685	0.0982707
3.64143	0.0980862
3.64373	0.0979936
3.64566	0.0979159
3.64734	0.0978484
3.65333	0.0976066
3.65514	0.0975335
3.65601	0.0974988
3.66352	0.0971951
3.66551	0.0971148
3.6716	0.0968684
3.67337	0.0967968
3.67983	0.0965352
3.68133	0.0964741
3.68621	0.0962761
3.69023	0.0961129
3.71382	0.095153
3.72179	0.0948281
3.72655	0.0946336
3.73912	0.0941197
3.74326	0.0939503
3.7498	0.0936823
3.7503	0.0936616
3.75174	0.0936029
3.75817	0.093339
3.75933	0.0932915
3.76432	0.0930865
3.7665	0.0929973
3.77051	0.0928326
3.7722	0.0927629
3.77405	0.0926871
3.77412	0.092684
3.77591	0.0926105
3.77938	0.0924677
3.78332	0.0923058
3.80133	0.0915636
3.80175	0.0915465
3.80271	0.0915068
3.80462	0.0914281
3.80742	0.0913126
3.80813	0.0912834
3.81361	0.0910572
3.82047	0.0907739
3.8349	0.0901774
3.84291	0.0898459
3.84829	0.0896232
3.85453	0.0893646
3.85453	0.0893644
3.86001	0.0891375
3.86039	0.0891216
3.86321	0.0890047
3.87373	0.0885687
3.87541	0.0884989
3.8783	0.0883789
3.87938	0.0883341
3.88097	0.0882679
3.89488	0.0876906
3.89852	0.0875394
3.90312	0.0873479
3.90493	0.0872729
3.9105	0.0870415
3.92859	0.086289
3.93562	0.0859966
3.93607	0.0859778
3.93898	0.0858567
3.93966	0.0858282
3.94751	0.0855015
3.9492	0.0854312
3.97348	0.0844204
3.98066	0.084121
3.9819	0.0840694
3.99474	0.0835346
3.99821	0.0833901
3.99969	0.0833285
4.00006	0.0833129
4.00189	0.0832366
4.00537	0.0830919
4.00757	0.0830002
4.00789	0.0829868
4.02991	0.0820695
4.0486	0.0812911
4.05922	0.0808491
4.06034	0.0808026
4.06505	0.0806066
4.06561	0.0805834
4.06591	0.0805706
4.07469	0.0802056
4.07797	0.080069
4.08167	0.0799151
4.09338	0.0794282
4.09617	0.0793121
4.09992	0.0791564
4.10894	0.0787815
4.1209	0.078285
4.12198	0.0782405
4.13951	0.0775129
4.15593	0.0768325
4.16072	0.0766345
4.16097	0.0766239
4.16164	0.0765964
4.16755	0.0763516
4.17759	0.0759364
4.1933	0.0752873
4.19983	0.0750181
4.20194	0.0749311
4.20218	0.0749208
4.21808	0.0742658
4.22443	0.0740041
4.22894	0.0738185
4.23627	0.0735173
4.23895	0.0734073
4.24563	0.0731329
4.25487	0.0727539
4.26349	0.0724003
4.26755	0.0722338
4.27123	0.0720834
4.27274	0.0720216
4.27435	0.0719557
4.27796	0.0718081
4.28	0.0717246
4.28065	0.0716982
4.28598	0.0714803
4.28747	0.0714194
4.28991	0.0713199
4.29693	0.0710335
4.29968	0.0709211
4.30707	0.07062
4.3097	0.0705127
4.31122	0.070451
4.31499	0.0702974
4.33516	0.0694784
4.3373	0.0693913
4.34146	0.0692226
4.3449	0.0690835
4.3453	0.0690672
4.3651	0.0682666
4.37309	0.0679444
4.38485	0.0674708
4.3876	0.0673601
4.3878	0.0673524
4.39998	0.066863
4.41605	0.0662194
4.43616	0.0654165
4.43894	0.065306
4.44242	0.0651671
4.44937	0.0648908
4.44995	0.0648679
4.45608	0.0646243
4.45974	0.0644792
4.46503	0.0642698
4.46547	0.0642522
4.46725	0.0641816
4.4698	0.0640807
4.47251	0.0639736
4.49637	0.0630327
4.52084	0.0620728
4.54409	0.0611656
4.55874	0.0605966
4.60253	0.0589087
4.61027	0.0586139
4.62855	0.0579266
4.63313	0.0577566
4.6422	0.0574218
4.65097	0.0571012
4.66242	0.0566868
4.67939	0.0560814
4.68727	0.0558036
4.69104	0.0556715
4.69312	0.055599
4.70083	0.0553312
4.72106	0.0546374
4.72106	0.0546374
4.73779	0.0540744
4.74786	0.05374
4.76041	0.0533277
4.7687	0.0530581
4.77472	0.0528637
4.77562	0.0528347
4.7818	0.0526366
4.7849	0.0525378
4.79331	0.0522705
4.80151	0.0520123
4.83578	0.0509544
4.83898	0.0508574
4.83965	0.0508372
4.84513	0.0506718
4.87349	0.0498296
4.88332	0.0495427
4.88442	0.0495109
4.89362	0.049245
4.90538	0.0489088
4.90732	0.0488536
4.91191	0.0487235
4.9147	0.0486448
4.91721	0.048574
4.92197	0.0484404
4.9414	0.0479006
4.9552	0.0475234
4.96824	0.047171
4.97545	0.0469781
4.98167	0.0468125
4.98486	0.046728
4.98515	0.0467203
4.99155	0.0465514
4.99345	0.0465016
4.9974	0.0463983
5.03076	0.0455384
5.04828	0.045097
5.05551	0.0449166
5.05733	0.0448716
5.06187	0.0447591
5.06293	0.0447329
5.08092	0.0442924
5.08337	0.0442329
5.08721	0.04414
5.09075	0.0440546
5.10234	0.0437768
5.12244	0.0433015
5.12385	0.0432685
5.13581	0.04299
5.13613	0.0429827
5.13897	0.0429169
5.1434	0.0428147
5.14864	0.0426944
5.17135	0.0421791
5.18458	0.0418832
5.20413	0.0414524
5.2176	0.0411596
5.22967	0.0408999
5.24032	0.040673
5.24282	0.0406199
5.24868	0.0404963
5.25287	0.0404081
5.26095	0.0402391
5.26213	0.0402145
5.26382	0.0401793
5.26838	0.0400845
5.27925	0.0398603
5.29531	0.0395324
5.29875	0.0394629
5.33292	0.0387815
5.35067	0.038435
5.35085	0.0384315
5.35102	0.0384281
5.35367	0.0383768
5.35562	0.0383392
5.36236	0.0382095
5.41417	0.0372347
5.43229	0.036903
5.44594	0.0366563
5.45187	0.0365499
5.47672	0.0361096
5.47765	0.0360932
5.49067	0.0358661
5.51158	0.0355058
5.51522	0.0354437
5.53117	0.0351736
5.53871	0.0350471
5.56344	0.0346369
5.57523	0.0344442
5.59482	0.0341275
5.59542	0.0341179
5.60459	0.0339714
5.62506	0.0336478
5.67855	0.032825
5.68145	0.0327814
5.68497	0.0327285
5.68912	0.0326663
5.69453	0.0325855
5.74956	0.0317813
5.76391	0.0315768
5.78898	0.0312246
5.79246	0.0311762
5.81697	0.0308386
5.82711	0.0307006
5.8322	0.0306317
5.86635	0.0301759
5.8668	0.03017
5.8704	0.0301225
5.89372	0.0298183
5.89828	0.0297594
5.93829	0.0292502
5.93945	0.0292356
5.95155	0.0290845
5.95927	0.0289888
5.9663	0.028902
5.971	0.0288442
5.99845	0.0285104
6.00369	0.0284473
6.00655	0.0284129
6.02092	0.0282415
6.02694	0.0281703
6.02838	0.0281532
6.0349	0.0280764
6.04168	0.0279969
6.04483	0.02796
6.06579	0.0277168
6.08991	0.0274412
6.11976	0.027106
6.17342	0.0265197
6.18624	0.0263825
6.21054	0.0261257
6.26382	0.0255763
6.27047	0.0255091
6.31095	0.0251056
6.31853	0.0250311
6.38387	0.0244039
6.41464	0.0241171
6.4214	0.0240548
6.4435	0.023853
6.44577	0.0238324
6.48421	0.0234882
6.58668	0.0226083
6.64063	0.0221658
6.72139	0.0215288
6.78483	0.0210487
6.78676	0.0210343
6.79064	0.0210056
6.79613	0.0209649
6.81464	0.0208289
6.87755	0.0203769
6.92557	0.0200423
6.92726	0.0200307
6.94902	0.0198821
6.96407	0.0197803
6.98197	0.0196604
7.00588	0.0195019
7.07095	0.0190808
7.07202	0.0190741
7.09165	0.0189499
7.11538	0.0188016
7.12224	0.0187591
7.14949	0.0185916
7.17221	0.0184538
7.18363	0.0183852
7.19361	0.0183255
7.21218	0.0182153
7.22749	0.0181252
7.23498	0.0180814
7.24965	0.0179961
7.25079	0.0179895
7.25683	0.0179546
7.2853	0.0177914
7.33528	0.0175107
7.36526	0.0173457
7.37035	0.0173179
7.407	0.01712
7.42568	0.0170205
7.44247	0.0169318
7.4662	0.0168078
7.49377	0.0166655
7.51747	0.0165447
7.543	0.0164161
7.59339	0.0161669
7.60012	0.0161341
7.61952	0.0160401
7.66939	0.0158024
7.70739	0.015625
7.71826	0.0155748
7.72437	0.0155468
7.73223	0.0155107
7.7878	0.0152599
7.83481	0.0150527
7.85743	0.0149546
7.87927	0.0148608
7.89162	0.0148082
7.89346	0.0148004
7.89392	0.0147985
7.92154	0.014682
7.93589	0.014622
7.95637	0.0145372
7.97368	0.014466
8.04906	0.0141627
8.06202	0.0141116
8.07841	0.0140473
8.12557	0.0138651
8.17732	0.0136693
8.21775	0.0135194
8.27491	0.013312
8.28307	0.0132828
8.29228	0.0132499
8.348	0.013054
8.35633	0.0130251
8.41143	0.0128365
8.50237	0.0125345
8.58333	0.0122751
8.60217	0.012216
8.81206	0.0115867
8.82086	0.0115614
8.82262	0.0115564
8.95026	0.0112
9.11463	0.0107662
9.12978	0.0107275
9.30804	0.010289
9.3292	0.0102389
9.38321	0.0101126
9.39598	0.0100831
9.43858	0.00998575
9.44062	0.00998112
9.45424	0.00995033
9.48778	0.00987512
9.5119	0.0098216
9.61533	0.0095972
9.6295	0.00956711
9.64086	0.00954308
9.67297	0.00947569
9.73643	0.00934471
9.78314	0.00925013
9.78387	0.00924865
10.1571	0.00854476
10.2235	0.00842855
10.2501	0.00838261
10.3014	0.00829531
10.3856	0.00815512
10.3997	0.00813189
10.4441	0.00805972
10.4839	0.00799604
10.6215	0.0077815
10.6971	0.00766761
10.7415	0.00760185
10.7854	0.00753773
10.8179	0.00749083
10.8598	0.00743115
11.0798	0.00712939
11.2254	0.00694019
11.2706	0.00688315
11.3902	0.00673566
11.7254	0.00634801
11.7371	0.00633505
11.7715	0.00629743
11.7726	0.00629625
11.9354	0.00612285
11.9844	0.00607219
12.0858	0.00596934
12.1155	0.00593982
12.1775	0.00587879
12.2052	0.00585178
12.2261	0.00583158
12.2355	0.00582261
12.3603	0.00570457
12.3949	0.00567252
12.523	0.0055563
12.5573	0.00552583
12.9316	0.00520983
13.0685	0.0051014
13.1206	0.00506109
13.1447	0.00504255
13.3678	0.00487648
13.4139	0.00484325
13.4462	0.00482018
13.5454	0.00475035
13.8268	0.00456094
13.8417	0.00455125
13.9787	0.00446363
14.2293	0.00431013
14.5282	0.0041378
14.6455	0.00407311
14.6873	0.00405048
14.7987	0.00399108
14.8276	0.00397587
14.9411	0.00391713
15.0792	0.00384749
15.1857	0.0037951
15.6896	0.00356205
16.1117	0.00338382
16.2228	0.0033393
16.3642	0.00328394
16.4201	0.00326243
16.5163	0.00322597
16.8574	0.00310181
17.1442	0.00300319
17.2992	0.00295196
17.6054	0.00285473
17.6078	0.00285399
17.6292	0.00284739
17.8535	0.00277963
18.1561	0.00269221
18.2067	0.00267804
18.3162	0.00264772
18.4038	0.00262388
18.8536	0.00250663
19.0863	0.00244919
19.1224	0.00244047
19.2483	0.00241044
19.3331	0.00239055
19.3815	0.00237931
19.4962	0.00235301
19.953	0.00225271
20.6338	0.00211539
20.7596	0.00209147
20.8934	0.00206649
21.1357	0.00202247
21.2267	0.00200632
21.4039	0.00197545
21.4211	0.0019725
22.2331	0.00184058
22.3889	0.00181687
23.0449	0.00172219
23.1239	0.00171131
23.6502	0.0016416
24.1948	0.00157411
24.9076	0.00149222
25.0677	0.00147476
25.5452	0.00142457
25.7129	0.00140758
26.1089	0.00136873
27.2642	0.00126463
27.3342	0.00125874
27.5787	0.00123847
27.6501	0.00123265
27.984	0.00120599
28.3081	0.00118099
29.0432	0.00112725
29.0613	0.00112598
29.2127	0.00111541
29.2431	0.00111331
29.5881	0.00108988
30.5626	0.00102778
30.8489	0.0010106
31.3808	0.000979877
31.5478	0.000970536
31.9795	0.000947033
32.8156	0.000904019
33.1488	0.000887733
33.8102	0.000856766
34.6109	0.000821515
36.0591	0.000763353
37.0238	0.000728156
37.3147	0.000718048
39.1082	0.00066038
39.565	0.000646866
40.128	0.000630806
40.3442	0.000624808
40.6834	0.000615577
40.9941	0.00060731
41.5825	0.000592131
41.8013	0.000586642
41.9056	0.000584052
42.7451	0.00056386
43.17	0.00055406
44.6462	0.000522036
45.7079	0.000500786
48.673	0.000448207
48.7336	0.000447225
49.4872	0.000435297
53.0856	0.000384747
62.0932	0.000292404
62.631	0.000288035
66.0617	0.000262451
67.19	0.00025482
67.484	0.000252889
68.4071	0.000246977
69.0442	0.000243024
71.9679	0.00022611
73.2168	0.000219449
76.3265	0.000204158
76.3598	0.000204003
79.3162	0.000190995
81.5358	0.000182074
82.8202	0.000177211
83.5922	0.000174386
85.3351	0.000168267
86.6427	0.000163898
93.8763	0.000142687
99.1092	0.000129936
100.483	0.000126887
119.42	9.42623e-05
119.925	9.35801e-05
122.887	8.97381e-05
125.583	8.64542e-05
131.631	7.97482e-05
134.668	7.66875e-05
137.827	7.36974e-05
140.352	7.14387e-05
162.185	5.57681e-05
169.253	5.1844e-05
170.57	5.11611e-05
187.39	4.35646e-05
192.164	4.17323e-05
195.464	4.05365e-05
198.861	3.93612e-05
204.511	3.75232e-05
209.684	3.59575e-05
209.873	3.59023e-05
213.517	3.48632e-05
214.494	3.45927e-05
242.125	2.81358e-05
243.823	2.78027e-05
248.789	2.68638e-05
252.628	2.61722e-05
263.652	2.43358e-05
265.052	2.41173e-05
269.331	2.34686e-05
288.329	2.08976e-05
306.096	1.8876e-05
323.032	1.72239e-05
343.803	1.54923e-05
355.52	1.46345e-05
365.004	1.39942e-05
387.449	1.26449e-05
403.56	1.17994e-05
468.914	9.1451e-06
528.924	7.45494e-06
574.84	6.47325e-06
641.59	5.3731e-06
677.291	4.90184e-06
754.688	4.08056e-06
1021.74	2.44261e-06
1027.32	2.42018e-06
1134.03	2.04728e-06
1171.51	1.93763e-06
1253.08	1.72897e-06
1277.01	1.67449e-06
1394.93	1.44198e-06
72738.8	1.80233e-09
